time,speed, speed2, speed3,accel
0,0.6,0.4,0.2,0.6
1,1.9,3.5,6.5,1.2
2,3.1,9.7,30,1.2
3,4.3,18.9,82.3,1.2
4,12.4,154.4,1919.3,8.1
5,14.9,222.4,3316.6,2.5
6,15.5,241.3,3748.6,0.6
7,16.8,281.5,4722.2,1.2
8,17.4,302.7,5266.6,0.6
9,18.6,347.5,6477.6,1.2
10,20.5,420.5,8621.7,1.9
11,23.6,557.5,13164.5,3.1
12,23.6,557.5,13164.5,0
13,26.1,681.1,17774.7,2.5
14,26.1,681.1,17774.7,0
15,26.1,681.1,17774.7,0
16,25.5,649,16535,-0.6
17,25.5,649,16535,0
18,26.1,681.1,17774.7,0.6
19,27.3,747.5,20436.7,1.2
20,29.2,852.9,24908.5,1.9
21,31.1,965.3,29989.1,1.9
22,32.9,1084.6,35717.5,1.9
23,34.8,1210.8,42132.5,1.9
24,35.4,1254.4,44430.2,0.6
25,36,1298.8,46809.9,0.6
26,36.7,1344,49273,0.6
27,36.7,1344,49273,0
28,36,1298.8,46809.9,-0.6
29,36,1298.8,46809.9,0
30,35.4,1254.4,44430.2,-0.6
31,36,1298.8,46809.9,0.6
32,36,1298.8,46809.9,0
33,36.7,1344,49273,0.6
34,36,1298.8,46809.9,-0.6
35,36,1298.8,46809.9,0
36,35.4,1254.4,44430.2,-0.6
37,35.4,1254.4,44430.2,0
38,34.8,1210.8,42132.5,-0.6
39,34.8,1210.8,42132.5,0
40,35.4,1254.4,44430.2,0.6
41,36.7,1344,49273,1.2
42,35.4,1254.4,44430.2,-1.2
43,35.4,1254.4,44430.2,0
44,34.2,1168,39915.5,-1.2
45,32.3,1044,33733.7,-1.9
46,31.1,965.3,29989.1,-1.2
47,30.4,927,28225.5,-0.6
48,29.8,889.6,26532.4,-0.6
49,29.8,889.6,26532.4,0
50,29.8,889.6,26532.4,0
51,30.4,927,28225.5,0.6
52,31.7,1004.3,31824.7,1.2
53,32.3,1044,33733.7,0.6
54,32.3,1044,33733.7,0
55,32.3,1044,33733.7,0
56,32.3,1044,33733.7,0
57,32.9,1084.6,35717.5,0.6
58,33.6,1125.9,37777.6,0.6
59,34.8,1210.8,42132.5,1.2
60,36,1298.8,46809.9,1.2
61,37.9,1436.7,54455.6,1.9
62,38.5,1484.2,57177.9,0.6
63,38.5,1484.2,57177.9,0
64,38.5,1484.2,57177.9,0
65,37.9,1436.7,54455.6,-0.6
66,37.3,1390,51821.2,-0.6
67,36.7,1344,49273,-0.6
68,36.7,1344,49273,0
69,36.7,1344,49273,0
70,37.9,1436.7,54455.6,1.2
71,39.1,1532.4,59989.5,1.2
72,40.4,1631.3,65886,1.2
73,40.4,1631.3,65886,0
74,41,1681.9,68974,0.6
75,42.3,1785.3,75436.2,1.2
76,43.5,1891.9,82290.1,1.2
77,44.7,2001.6,89547,1.2
78,45.4,2057.5,93330.1,0.6
79,46.6,2171.8,101213.2,1.2
80,46.6,2171.8,101213.2,0
81,46.6,2171.8,101213.2,0
82,46.6,2171.8,101213.2,0
83,46.6,2171.8,101213.2,0
84,46.6,2171.8,101213.2,0
85,47.2,2230.1,105315.9,0.6
86,47.2,2230.1,105315.9,0
87,46.6,2171.8,101213.2,-0.6
88,46.6,2171.8,101213.2,0
89,46.6,2171.8,101213.2,0
90,46.6,2171.8,101213.2,0
91,47.2,2230.1,105315.9,0.6
92,47.8,2289.2,109528.1,0.6
93,49.7,2471.1,122835.3,1.9
94,52.2,2724.3,142197.3,2.5
95,54.1,2922.4,157983.3,1.9
96,54.1,2922.4,157983.3,0
97,54.1,2922.4,157983.3,0
98,54.7,2990,163493.8,0.6
99,55.9,3127.4,174896.4,1.2
100,55.9,3127.4,174896.4,0
101,55.3,3058.3,169131.1,-0.6
102,55.3,3058.3,169131.1,0
103,55.9,3127.4,174896.4,0.6
104,57.2,3268,186817.2,1.2
105,57.2,3268,186817.2,0
106,56.5,3197.3,180791.3,-0.6
107,56.5,3197.3,180791.3,0
108,57.2,3268,186817.2,0.6
109,57.8,3339.4,192975.5,0.6
110,57.2,3268,186817.2,-0.6
111,57.2,3268,186817.2,0
112,57.8,3339.4,192975.5,0.6
113,58.4,3411.6,199267.7,0.6
114,57.8,3339.4,192975.5,-0.6
115,57.2,3268,186817.2,-0.6
116,57.2,3268,186817.2,0
117,55.9,3127.4,174896.4,-1.2
118,55.3,3058.3,169131.1,-0.6
119,55.3,3058.3,169131.1,0
120,55.9,3127.4,174896.4,0.6
121,56.5,3197.3,180791.3,0.6
122,56.5,3197.3,180791.3,0
123,56.5,3197.3,180791.3,0
124,56.5,3197.3,180791.3,0
125,56.5,3197.3,180791.3,0
126,55.9,3127.4,174896.4,-0.6
127,55.9,3127.4,174896.4,0
128,55.9,3127.4,174896.4,0
129,55.9,3127.4,174896.4,0
130,55.9,3127.4,174896.4,0
131,55.3,3058.3,169131.1,-0.6
132,54.1,2922.4,157983.3,-1.2
133,53.4,2855.6,152597.9,-0.6
134,54.7,2990,163493.8,1.2
135,56.5,3197.3,180791.3,1.9
136,55.9,3127.4,174896.4,-0.6
137,55.9,3127.4,174896.4,0
138,55.9,3127.4,174896.4,0
139,55.9,3127.4,174896.4,0
140,55.3,3058.3,169131.1,-0.6
141,55.3,3058.3,169131.1,0
142,55.9,3127.4,174896.4,0.6
143,55.3,3058.3,169131.1,-0.6
144,54.7,2990,163493.8,-0.6
145,54.1,2922.4,157983.3,-0.6
146,54.7,2990,163493.8,0.6
147,55.3,3058.3,169131.1,0.6
148,56.5,3197.3,180791.3,1.2
149,55.9,3127.4,174896.4,-0.6
150,55.9,3127.4,174896.4,0
151,56.5,3197.3,180791.3,0.6
152,56.5,3197.3,180791.3,0
153,56.5,3197.3,180791.3,0
154,56.5,3197.3,180791.3,0
155,56.5,3197.3,180791.3,0
156,56.5,3197.3,180791.3,0
157,56.5,3197.3,180791.3,0
158,56.5,3197.3,180791.3,0
159,55.9,3127.4,174896.4,-0.6
160,55.3,3058.3,169131.1,-0.6
161,54.7,2990,163493.8,-0.6
162,54.7,2990,163493.8,0
163,55.3,3058.3,169131.1,0.6
164,55.3,3058.3,169131.1,0
165,55.3,3058.3,169131.1,0
166,55.3,3058.3,169131.1,0
167,55.3,3058.3,169131.1,0
168,55.3,3058.3,169131.1,0
169,55.3,3058.3,169131.1,0
170,55.3,3058.3,169131.1,0
171,55.3,3058.3,169131.1,0
172,55.3,3058.3,169131.1,0
173,55.3,3058.3,169131.1,0
174,54.7,2990,163493.8,-0.6
175,54.1,2922.4,157983.3,-0.6
176,53.4,2855.6,152597.9,-0.6
177,52.8,2789.6,147336.4,-0.6
178,52.2,2724.3,142197.3,-0.6
179,51.6,2659.9,137179,-0.6
180,51.6,2659.9,137179,0
181,52.2,2724.3,142197.3,0.6
182,52.8,2789.6,147336.4,0.6
183,53.4,2855.6,152597.9,0.6
184,52.8,2789.6,147336.4,-0.6
185,52.8,2789.6,147336.4,0
186,53.4,2855.6,152597.9,0.6
187,54.1,2922.4,157983.3,0.6
188,54.7,2990,163493.8,0.6
189,54.1,2922.4,157983.3,-0.6
190,54.1,2922.4,157983.3,0
191,54.7,2990,163493.8,0.6
192,54.7,2990,163493.8,0
193,55.3,3058.3,169131.1,0.6
194,55.3,3058.3,169131.1,0
195,55.9,3127.4,174896.4,0.6
196,55.9,3127.4,174896.4,0
197,55.3,3058.3,169131.1,-0.6
198,54.7,2990,163493.8,-0.6
199,54.7,2990,163493.8,0
200,54.1,2922.4,157983.3,-0.6
201,54.1,2922.4,157983.3,0
202,54.1,2922.4,157983.3,0
203,54.1,2922.4,157983.3,0
204,54.7,2990,163493.8,0.6
205,55.3,3058.3,169131.1,0.6
206,55.3,3058.3,169131.1,0
207,55.3,3058.3,169131.1,0
208,55.9,3127.4,174896.4,0.6
209,55.9,3127.4,174896.4,0
210,55.9,3127.4,174896.4,0
211,55.3,3058.3,169131.1,-0.6
212,55.3,3058.3,169131.1,0
213,55.3,3058.3,169131.1,0
214,55.3,3058.3,169131.1,0
215,55.9,3127.4,174896.4,0.6
216,55.9,3127.4,174896.4,0
217,55.9,3127.4,174896.4,0
218,56.5,3197.3,180791.3,0.6
219,56.5,3197.3,180791.3,0
220,57.2,3268,186817.2,0.6
221,56.5,3197.3,180791.3,-0.6
222,55.9,3127.4,174896.4,-0.6
223,55.9,3127.4,174896.4,0
224,55.9,3127.4,174896.4,0
225,56.5,3197.3,180791.3,0.6
226,57.2,3268,186817.2,0.6
227,57.2,3268,186817.2,0
228,57.8,3339.4,192975.5,0.6
229,57.2,3268,186817.2,-0.6
230,55.9,3127.4,174896.4,-1.2
231,54.7,2990,163493.8,-1.2
232,55.3,3058.3,169131.1,0.6
233,54.7,2990,163493.8,-0.6
234,54.1,2922.4,157983.3,-0.6
235,52.8,2789.6,147336.4,-1.2
236,51.6,2659.9,137179,-1.2
237,52.8,2789.6,147336.4,1.2
238,52.2,2724.3,142197.3,-0.6
239,50.3,2533.2,127499.5,-1.9
240,49.7,2471.1,122835.3,-0.6
241,49.7,2471.1,122835.3,0
242,49.7,2471.1,122835.3,0
243,50.3,2533.2,127499.5,0.6
244,50.3,2533.2,127499.5,0
245,51,2596.2,132280.2,0.6
246,51.6,2659.9,137179,0.6
247,52.8,2789.6,147336.4,1.2
248,54.1,2922.4,157983.3,1.2
249,55.3,3058.3,169131.1,1.2
250,55.9,3127.4,174896.4,0.6
251,55.3,3058.3,169131.1,-0.6
252,55.3,3058.3,169131.1,0
253,55.9,3127.4,174896.4,0.6
254,55.9,3127.4,174896.4,0
255,56.5,3197.3,180791.3,0.6
256,57.2,3268,186817.2,0.6
257,57.2,3268,186817.2,0
258,57.2,3268,186817.2,0
259,57.2,3268,186817.2,0
260,56.5,3197.3,180791.3,-0.6
261,56.5,3197.3,180791.3,0
262,55.3,3058.3,169131.1,-1.2
263,54.7,2990,163493.8,-0.6
264,54.1,2922.4,157983.3,-0.6
265,53.4,2855.6,152597.9,-0.6
266,52.8,2789.6,147336.4,-0.6
267,52.8,2789.6,147336.4,0
268,51.6,2659.9,137179,-1.2
269,50.3,2533.2,127499.5,-1.2
270,49.7,2471.1,122835.3,-0.6
271,49.1,2409.7,118286.3,-0.6
272,48.5,2349,113851.1,-0.6
273,48.5,2349,113851.1,0
274,48.5,2349,113851.1,0
275,47.2,2230.1,105315.9,-1.2
276,46.6,2171.8,101213.2,-0.6
277,46.6,2171.8,101213.2,0
278,46,2114.3,97218.4,-0.6
279,46,2114.3,97218.4,0
280,46,2114.3,97218.4,0
281,46.6,2171.8,101213.2,0.6
282,46.6,2171.8,101213.2,0
283,47.2,2230.1,105315.9,0.6
284,47.8,2289.2,109528.1,0.6
285,47.8,2289.2,109528.1,0
286,48.5,2349,113851.1,0.6
287,49.7,2471.1,122835.3,1.2
288,51,2596.2,132280.2,1.2
289,51,2596.2,132280.2,0
290,51.6,2659.9,137179,0.6
291,52.2,2724.3,142197.3,0.6
292,53.4,2855.6,152597.9,1.2
293,54.1,2922.4,157983.3,0.6
294,54.7,2990,163493.8,0.6
295,55.3,3058.3,169131.1,0.6
296,55.3,3058.3,169131.1,0
297,55.3,3058.3,169131.1,0
298,55.3,3058.3,169131.1,0
299,55.3,3058.3,169131.1,0
300,55.3,3058.3,169131.1,0
301,55.3,3058.3,169131.1,0
302,55.3,3058.3,169131.1,0
303,55.9,3127.4,174896.4,0.6
304,53.4,2855.6,152597.9,-2.5
305,51.6,2659.9,137179,-1.9
306,49.7,2471.1,122835.3,-1.9
307,47.2,2230.1,105315.9,-2.5
308,44.7,2001.6,89547,-2.5
309,43.5,1891.9,82290.1,-1.2
310,42.3,1785.3,75436.2,-1.2
311,41.6,1733.2,72156.9,-0.6
312,41,1681.9,68974,-0.6
313,41,1681.9,68974,0
314,40.4,1631.3,65886,-0.6
315,40.4,1631.3,65886,0
316,40.4,1631.3,65886,0
317,40.4,1631.3,65886,0
318,41,1681.9,68974,0.6
319,41.6,1733.2,72156.9,0.6
320,42.3,1785.3,75436.2,0.6
321,42.9,1838.2,78813.5,0.6
322,44.1,1946.3,85867.4,1.2
323,44.7,2001.6,89547,0.6
324,44.7,2001.6,89547,0
325,44.7,2001.6,89547,0
326,44.7,2001.6,89547,0
327,44.7,2001.6,89547,0
328,44.7,2001.6,89547,0
329,44.1,1946.3,85867.4,-0.6
330,43.5,1891.9,82290.1,-0.6
331,43.5,1891.9,82290.1,0
332,43.5,1891.9,82290.1,0
333,43.5,1891.9,82290.1,0
334,43.5,1891.9,82290.1,0
335,43.5,1891.9,82290.1,0
336,43.5,1891.9,82290.1,0
337,43.5,1891.9,82290.1,0
338,45.4,2057.5,93330.1,1.9
339,45.4,2057.5,93330.1,0
340,46,2114.3,97218.4,0.6
341,46.6,2171.8,101213.2,0.6
342,46.6,2171.8,101213.2,0
343,46.6,2171.8,101213.2,0
344,47.2,2230.1,105315.9,0.6
345,47.2,2230.1,105315.9,0
346,47.2,2230.1,105315.9,0
347,47.2,2230.1,105315.9,0
348,47.2,2230.1,105315.9,0
349,47.2,2230.1,105315.9,0
